1 14 9 1 -101
2 14 9 14 -99
3 14 9 22 -101
4 14 9 35 -100
5 14 9 48 -103
6 14 10 1 -93
7 14 10 14 -92
8 14 10 27 -94
9 14 10 40 -92
10 14 10 53 -94
11 14 11 7 -93
12 14 11 20 -93
13 14 11 33 -92
14 14 11 46 -92
15 14 11 59 -93
16 14 12 12 -92
17 14 12 25 -92
18 14 12 38 -92
19 14 12 51 -92
20 14 13 4 -91
21 14 13 17 -93
22 14 13 30 -93
23 14 13 43 -93
24 14 13 56 -95
25 14 14 9 -94
26 14 14 22 -92
27 14 14 35 -94
28 14 14 48 -95
29 14 15 1 -95
30 14 15 14 -95
31 14 15 27 -94
32 14 15 40 -94
33 14 15 53 -94
34 14 16 6 -94
35 14 16 19 -94
36 14 16 32 -93
37 14 16 45 -93
38 14 16 58 -91
39 14 17 11 -93
40 14 17 24 -93
41 14 17 37 -94
42 14 17 50 -92
43 14 18 3 -94
44 14 18 16 -92
45 14 18 29 -93
46 14 18 42 -92
47 14 18 55 -92
48 14 19 8 -91
49 14 19 21 -92
50 14 19 34 -93
51 14 19 47 -93
52 14 20 0 -93
53 14 20 13 -94
54 14 20 26 -94
55 14 20 39 -94
56 14 20 52 -93
57 14 21 5 -92
58 14 21 18 -93
59 14 21 31 -93
60 14 21 44 -95
61 14 21 57 -94
62 14 22 10 -93
63 14 22 23 -93
64 14 22 36 -92
65 14 22 49 -94
66 14 23 2 -95
67 14 23 15 -92
68 14 23 28 -92
69 14 23 41 -94
70 14 23 54 -93
71 14 24 7 -96
72 14 24 20 -94
73 14 24 33 -95
74 14 24 46 -94
