1 17 48 39
2 17 48 52
3 17 49 5
4 17 49 18
5 17 49 31
6 17 49 44
7 17 49 57
8 17 50 10
9 17 50 23
10 17 50 36
11 17 50 49
12 17 51 2
13 17 51 15
14 17 51 28
15 17 51 41
16 17 51 54
17 17 52 7
18 17 52 20
19 17 52 33
20 17 52 46
21 17 52 59
22 17 53 12
23 17 53 20
24 17 53 33
25 17 53 46
26 17 53 59
1 17 54 52
2 17 55 5
3 17 55 18
4 17 55 31
5 17 55 44
6 17 55 57
7 17 56 10
8 17 56 23
9 17 56 36
10 17 56 49
11 17 57 2
12 17 57 15
13 17 57 23
1 17 58 14
2 17 58 27
3 17 58 40
4 17 58 53
5 17 59 6
6 17 59 19
7 17 59 32
8 17 59 45
9 17 59 58
10 18 0 6
11 18 0 19
12 18 0 32
13 18 0 45
14 18 0 58
1 18 1 42
2 18 1 55
3 18 2 8
4 18 2 21
5 18 2 34
6 18 2 47
7 18 3 0
8 18 3 13
9 18 3 26
10 18 3 39
11 18 3 52
12 18 4 5
13 18 4 18
1 18 4 53
2 18 5 1
3 18 5 14
4 18 5 27
5 18 5 40
6 18 5 53
7 18 6 6
8 18 6 14
9 18 6 22
10 18 6 30
11 18 6 38
12 18 6 51
13 18 7 4
14 18 7 17
1 18 7 40
2 18 7 53
3 18 8 6
4 18 8 19
5 18 8 32
6 18 8 45
7 18 8 58
8 18 9 6
9 18 9 14
10 18 9 27
11 18 9 40
12 18 9 53
13 18 10 6
14 18 10 19
1 18 10 47
2 18 10 55
3 18 11 8
4 18 11 21
5 18 11 29
6 18 11 37
7 18 11 45
8 18 11 58
9 18 12 11
10 18 12 24
11 18 12 37
12 18 12 50
13 18 13 3
14 18 13 16
1 18 13 45
2 18 13 58
3 18 14 11
4 18 14 24
5 18 14 37
6 18 14 50
7 18 15 3
8 18 15 16
9 18 15 29
10 18 15 42
11 18 15 55
12 18 16 8
13 18 16 21
14 18 16 34
