1 16 50 55 -82
2 16 51 8 -80
3 16 51 16 -81
4 16 51 29 -80
5 16 51 42 -81
6 16 51 55 -80
7 16 52 3 -81
8 16 52 16 -81
9 16 52 29 -80
10 16 52 42 -81
11 16 52 55 -80
12 16 53 3 -81
13 16 53 16 -81
14 16 53 29 -81
15 16 53 42 -80
16 16 53 55 -81
17 16 54 8 -80
18 16 54 21 -82
19 16 54 34 -81
20 16 54 47 -82
21 16 54 55 -82
22 16 55 8 -80
23 16 55 21 -80
24 16 55 29 -81
25 16 55 42 -81
26 16 55 55 -81
27 16 56 3 -81
28 16 56 16 -81
29 16 56 29 -82
30 16 56 42 -83
31 16 56 55 -85
32 16 57 8 -81
33 16 57 21 -80
34 16 57 34 -82
35 16 57 47 -82
36 16 58 0 -81
37 16 58 13 -81
38 16 58 26 -82
39 16 58 39 -82
40 16 58 52 -81
41 16 59 5 -81
42 16 59 18 -81
43 16 59 31 -81
44 16 59 44 -82
45 16 59 57 -83
46 17 0 10 -83
47 17 0 23 -81
48 17 0 36 -81
49 17 0 49 -82
50 17 1 2 -82
51 17 1 15 -81
52 17 1 28 -82
53 17 1 41 -84
54 17 1 54 -81
55 17 2 7 -83
56 17 2 20 -81
57 17 2 33 -81
58 17 2 46 -82
59 17 2 59 -82
60 17 3 12 -81
61 17 3 25 -81
62 17 3 38 -81
63 17 3 51 -82
64 17 4 4 -81
65 17 4 17 -81
66 17 4 30 -83
67 17 4 43 -81
68 17 4 56 -82
69 17 5 9 -81
70 17 5 22 -84
71 17 5 35 -81
72 17 5 48 -81
73 17 6 1 -81
74 17 6 14 -81
75 17 6 27 -80
