1 15 4 28 -87
2 15 4 41 -87
3 15 4 54 -86
4 15 5 7 -90
5 15 5 20 -86
6 15 5 33 -85
7 15 5 46 -86
8 15 5 59 -88
9 15 6 12 -86
10 15 6 25 -85
11 15 6 38 -85
12 15 6 51 -85
13 15 7 4 -86
14 15 7 17 -86
15 15 7 30 -86
16 15 7 43 -87
17 15 7 56 -86
18 15 8 9 -87
19 15 8 22 -86
20 15 8 35 -87
21 15 8 48 -87
22 15 9 1 -88
23 15 9 14 -89
24 15 9 27 -86
25 15 9 40 -85
26 15 9 53 -86
27 15 10 6 -86
28 15 10 19 -87
29 15 10 32 -85
30 15 10 45 -87
31 15 10 58 -85
32 15 11 11 -85
33 15 11 24 -89
34 15 11 37 -88
35 15 11 50 -86
36 15 12 3 -86
37 15 12 16 -86
38 15 12 29 -85
39 15 12 42 -86
40 15 12 55 -85
41 15 13 8 -89
42 15 13 21 -85
43 15 13 34 -87
44 15 13 47 -84
45 15 14 0 -86
46 15 14 13 -84
47 15 14 26 -86
48 15 14 39 -88
49 15 14 52 -87
50 15 15 5 -87
51 15 15 18 -86
52 15 15 31 -85
53 15 15 44 -85
54 15 15 57 -85
55 15 16 10 -87
56 15 16 23 -85
57 15 16 36 -84
58 15 16 49 -84
59 15 17 2 -85
60 15 17 15 -85
61 15 17 28 -85
62 15 17 41 -85
63 15 17 54 -85
64 15 18 7 -84
65 15 18 20 -86
66 15 18 34 -87
67 15 18 47 -89
68 15 19 0 -84
69 15 19 13 -85
70 15 19 26 -88
71 15 19 39 -85
72 15 19 52 -85
73 15 20 5 -84
74 15 20 18 -85
75 15 20 31 -86
