1 16 11 24 -85
2 16 11 37 -87
3 16 11 50 -79
4 16 12 3 -80
5 16 12 16 -84
6 16 12 29 -80
7 16 12 42 -84
8 16 12 55 -83
9 16 13 8 -79
10 16 13 21 -80
11 16 13 34 -82
12 16 13 47 -81
13 16 14 0 -87
14 16 14 13 -80
15 16 14 26 -87
16 16 14 39 -79
17 16 14 52 -78
18 16 15 5 -80
19 16 15 18 -91
20 16 15 31 -82
21 16 15 44 -94
22 16 15 57 -84
23 16 16 10 -81
24 16 16 23 -83
25 16 16 36 -85
26 16 16 49 -84
27 16 17 2 -85
28 16 17 15 -84
29 16 17 28 -85
30 16 17 41 -88
31 16 17 54 -90
32 16 18 7 -86
33 16 18 20 -87
34 16 18 33 -84
35 16 18 46 -88
36 16 18 59 -85
37 16 19 12 -83
38 16 19 20 -92
39 16 19 33 -92
40 16 19 46 -87
41 16 19 59 -84
42 16 20 12 -87
43 16 20 25 -94
44 16 20 33 -81
45 16 20 46 -92
46 16 20 59 -86
47 16 21 12 -84
48 16 21 26 -83
49 16 21 39 -83
50 16 21 52 -85
51 16 22 0 -79
52 16 22 13 -81
53 16 22 26 -82
54 16 22 39 -85
55 16 22 52 -85
56 16 23 5 -86
57 16 23 18 -85
58 16 23 31 -90
59 16 23 44 -87
60 16 23 57 -87
61 16 24 10 -86
62 16 24 23 -94
63 16 24 36 -86
64 16 24 49 -79
65 16 25 2 -79
66 16 25 10 -79
67 16 25 23 -79
68 16 25 36 -81
69 16 25 49 -79
70 16 25 57 -79
71 16 26 10 -79
72 16 26 18 -81
73 16 26 31 -77
74 16 26 44 -79
75 16 26 57 -78
