1 16 31 39 -79
2 16 31 52 -84
3 16 32 5 -91
4 16 32 18 -85
5 16 32 31 -82
6 16 32 44 -79
7 16 32 57 -78
8 16 33 10 -79
9 16 33 23 -88
10 16 33 36 -89
11 16 33 49 -84
12 16 34 2 -87
13 16 34 15 -86
14 16 34 28 -90
15 16 34 41 -82
16 16 34 54 -92
17 16 35 7 -85
18 16 35 20 -88
19 16 35 33 -84
20 16 35 46 -84
21 16 35 59 -79
22 16 36 12 -80
23 16 36 25 -80
24 16 36 38 -81
25 16 36 51 -83
26 16 37 4 -89
27 16 37 17 -81
28 16 37 30 -85
29 16 37 43 -78
30 16 37 56 -77
31 16 38 9 -84
32 16 38 22 -80
33 16 38 35 -80
34 16 38 48 -85
35 16 39 2 -78
36 16 39 15 -77
37 16 39 28 -82
38 16 39 41 -82
39 16 39 54 -77
40 16 40 7 -76
41 16 40 15 -79
42 16 40 28 -78
43 16 40 41 -81
44 16 40 54 -80
45 16 41 7 -83
46 16 41 20 -79
47 16 41 33 -82
48 16 41 41 -87
49 16 41 54 -85
50 16 42 7 -76
51 16 42 20 -81
52 16 42 33 -83
53 16 42 46 -81
54 16 42 59 -93
55 16 43 12 -76
56 16 43 25 -90
57 16 43 33 -90
58 16 43 46 -86
59 16 43 59 -84
60 16 44 20 -84
61 16 44 33 -82
62 16 44 46 -92
63 16 44 54 -84
64 16 45 2 -84
65 16 45 15 -88
66 16 45 28 -84
67 16 45 41 -84
68 16 45 54 -86
69 16 46 7 -87
70 16 46 20 -83
71 16 46 33 -96
72 16 46 46 -88
73 16 46 59 -90
