1 17 29 22 -64
2 17 29 35 -63
3 17 29 48 -63
4 17 30 1 -65
5 17 30 14 -66
6 17 30 27 -68
7 17 30 40 -70
8 17 30 53 -74
9 17 31 6 -73
10 17 31 19 -75
11 17 31 32 -72
12 17 31 45 -71
13 17 31 58 -67
14 17 32 11 -66
15 17 32 24 -68
16 17 32 37 -67
17 17 32 50 -79
18 17 33 3 -76
19 17 33 11 -79
20 17 33 24 -73
21 17 33 37 -75
22 17 33 50 -74
23 17 34 3 -73
24 17 34 16 -71
25 17 34 29 -70
26 17 34 42 -67
27 17 34 55 -72
28 17 35 8 -70
29 17 35 16 -68
30 17 35 29 -68
31 17 35 37 -75
32 17 35 58 -75
33 17 36 6 -73
34 17 36 14 -74
35 17 36 22 -68
36 17 36 35 -67
37 17 36 48 -67
38 17 37 1 -69
39 17 37 14 -72
40 17 37 27 -80
41 17 37 40 -66
42 17 37 53 -66
43 17 38 6 -71
44 17 38 19 -69
45 17 38 32 -70
46 17 38 45 -68
47 17 38 58 -67
48 17 39 11 -69
49 17 39 24 -71
50 17 39 37 -68
51 17 39 50 -68
52 17 40 3 -69
53 17 40 16 -68
54 17 40 29 -70
55 17 40 37 -70
56 17 40 50 -70
57 17 41 3 -72
58 17 41 16 -69
59 17 41 29 -69
60 17 41 42 -69
61 17 41 55 -69
62 17 42 8 -69
63 17 42 21 -71
64 17 42 34 -68
65 17 42 47 -70
66 17 43 0 -69
67 17 43 13 -70
68 17 43 26 -71
69 17 43 39 -73
70 17 43 52 -68
71 17 44 5 -70
72 17 44 18 -70
73 17 44 32 -70
74 17 44 45 -70
