1 15 25 49 -93
2 15 26 2 -102
3 15 26 15 -101
4 15 26 28 -91
5 15 26 41 -93
6 15 26 54 -92
7 15 27 7 -91
8 15 27 20 -95
9 15 27 33 -93
10 15 27 46 -95
11 15 27 59 -94
12 15 28 12 -96
13 15 28 25 -97
14 15 28 38 -99
15 15 28 51 -94
16 15 29 4 -98
17 15 29 17 -99
18 15 29 27 -90
19 15 29 40 -91
20 15 29 53 -92
21 15 30 6 -91
22 15 30 19 -91
23 15 30 32 -92
24 15 30 45 -92
25 15 30 58 -91
26 15 31 11 -89
27 15 31 24 -90
28 15 31 37 -91
29 15 31 50 -90
30 15 32 3 -91
31 15 32 16 -91
32 15 32 29 -91
33 15 32 42 -90
34 15 32 55 -92
35 15 33 8 -91
36 15 33 21 -90
37 15 33 29 -91
38 15 34 3 -90
39 15 34 16 -89
40 15 34 29 -90
41 15 34 42 -90
42 15 35 8 -92
43 15 35 21 -89
44 15 35 34 -93
45 15 35 47 -90
46 15 36 0 -92
47 15 36 13 -90
48 15 36 26 -91
49 15 36 39 -90
50 15 36 47 -88
51 15 37 0 -91
52 15 37 13 -91
53 15 37 26 -92
54 15 37 39 -91
55 15 37 52 -89
56 15 38 5 -89
57 15 38 18 -90
58 15 38 31 -92
59 15 38 44 -89
60 15 38 57 -91
61 15 39 5 -90
62 15 39 18 -90
63 15 39 31 -90
64 15 39 44 -88
65 15 39 57 -89
66 15 40 10 -90
67 15 40 23 -91
68 15 40 36 -90
69 15 40 49 -91
70 15 41 2 -92
71 15 41 15 -88
72 15 41 28 -93
73 15 41 41 -89
74 15 41 49 -89
