1 14 39 42 -87
2 14 39 55 -85
3 14 40 8 -86
4 14 40 21 -86
5 14 40 34 -92
6 14 40 42 -89
7 14 40 55 -87
8 14 41 8 -84
9 14 41 21 -85
10 14 41 34 -85
11 14 41 47 -85
12 14 42 0 -85
13 14 42 13 -86
14 14 42 26 -86
15 14 42 39 -85
16 14 42 52 -87
17 14 43 5 -85
18 14 43 18 -85
19 14 43 31 -85
20 14 43 44 -85
21 14 43 57 -85
22 14 44 10 -85
23 14 44 23 -85
24 14 44 36 -87
25 14 44 49 -87
26 14 45 2 -85
27 14 45 15 -85
28 14 45 28 -84
29 14 45 41 -85
30 14 45 54 -84
31 14 46 7 -84
32 14 46 20 -84
33 14 46 33 -85
34 14 46 46 -84
35 14 46 59 -84
36 14 47 12 -84
37 14 47 25 -83
38 14 47 38 -84
39 14 47 51 -85
40 14 48 4 -84
41 14 48 17 -84
42 14 48 30 -84
43 14 48 43 -86
44 14 48 56 -84
45 14 49 9 -84
46 14 49 22 -83
47 14 49 35 -84
48 14 49 48 -82
49 14 50 2 -83
50 14 50 15 -83
51 14 50 28 -83
52 14 50 41 -84
53 14 50 54 -84
54 14 51 7 -84
55 14 51 20 -83
56 14 51 33 -84
57 14 51 46 -84
58 14 51 59 -84
59 14 52 12 -84
60 14 52 25 -83
61 14 52 38 -83
62 14 52 51 -83
63 14 53 4 -85
64 14 53 17 -83
65 14 53 30 -84
66 14 53 43 -84
67 14 53 56 -84
68 14 54 9 -83
69 14 54 22 -83
70 14 54 35 -83
71 14 54 48 -83
72 14 55 1 -83
73 14 55 14 -84
74 14 55 27 -83
75 14 55 40 -84
