1 15 45 41 -88
2 15 45 54 -84
3 15 46 7 -87
4 15 46 20 -85
5 15 46 28 -87
6 15 46 36 -86
7 15 46 49 -86
8 15 46 57 -86
9 15 47 23 -85
10 15 47 36 -86
11 15 47 49 -86
12 15 48 2 -86
13 15 48 15 -85
14 15 48 28 -85
15 15 48 41 -84
16 15 48 49 -85
17 15 48 57 -84
18 15 49 5 -85
19 15 49 18 -85
20 15 49 31 -85
21 15 49 39 -85
22 15 49 47 -85
23 15 50 0 -86
24 15 50 13 -87
25 15 50 26 -86
26 15 50 39 -88
27 15 50 52 -86
28 15 51 5 -85
29 15 51 18 -85
30 15 51 31 -85
31 15 51 44 -85
32 15 51 57 -84
33 15 52 10 -86
34 15 52 23 -85
35 15 52 36 -85
36 15 52 49 -85
37 15 53 2 -85
38 15 53 15 -86
39 15 53 28 -86
40 15 53 41 -85
41 15 53 54 -85
42 15 54 7 -85
43 15 54 20 -85
44 15 54 33 -86
45 15 54 46 -84
46 15 54 59 -85
47 15 55 12 -85
48 15 55 25 -85
49 15 55 38 -85
50 15 55 51 -85
51 15 56 4 -87
52 15 56 17 -84
53 15 56 30 -85
54 15 56 43 -85
55 15 56 56 -87
56 15 57 9 -85
57 15 57 22 -87
58 15 57 35 -85
59 15 57 48 -84
60 15 58 1 -85
61 15 58 14 -85
62 15 58 27 -85
63 15 58 40 -84
64 15 58 53 -84
65 15 59 6 -87
66 15 59 19 -84
67 15 59 32 -85
68 15 59 45 -85
69 15 59 58 -85
70 16 0 11 -85
71 16 0 24 -84
72 16 0 37 -85
73 16 0 50 -85
74 16 1 3 -87
75 16 1 16 -85
76 16 1 29 -87
77 16 1 42 -85
78 16 1 55 -86
79 16 2 8 -87
80 16 2 21 -85
81 16 2 34 -86
82 16 2 47 -85
83 16 3 0 -85
84 16 3 13 -85
85 16 3 26 -86
86 16 3 39 -86
87 16 3 52 -85
