1 17 9 24 -76
2 17 9 37 -78
3 17 9 50 -77
4 17 10 3 -77
5 17 10 16 -77
6 17 10 29 -77
7 17 10 42 -76
8 17 10 55 -78
9 17 11 8 -77
10 17 11 21 -76
11 17 11 34 -76
12 17 11 47 -76
13 17 12 0 -76
14 17 12 13 -77
15 17 12 26 -76
16 17 12 39 -77
17 17 12 52 -77
18 17 13 5 -79
19 17 13 18 -77
20 17 13 31 -77
21 17 13 44 -77
22 17 13 57 -77
23 17 14 10 -77
24 17 14 23 -76
25 17 14 36 -77
26 17 14 49 -77
27 17 15 2 -78
28 17 15 15 -78
29 17 15 28 -76
30 17 15 41 -76
31 17 15 54 -78
32 17 16 7 -77
33 17 16 20 -76
34 17 16 33 -76
35 17 16 46 -76
36 17 16 59 -77
37 17 17 12 -75
38 17 17 25 -76
39 17 17 38 -76
40 17 17 51 -76
41 17 18 4 -76
42 17 18 17 -77
43 17 18 30 -76
44 17 18 43 -76
45 17 18 56 -77
46 17 19 9 -76
47 17 19 22 -76
48 17 19 35 -78
49 17 19 48 -77
50 17 20 1 -78
51 17 20 14 -76
52 17 20 27 -77
53 17 20 40 -76
54 17 20 53 -77
55 17 21 6 -76
56 17 21 19 -77
57 17 21 32 -78
58 17 21 45 -78
59 17 21 58 -77
60 17 22 11 -77
61 17 22 25 -82
62 17 22 38 -77
63 17 22 51 -77
64 17 23 4 -77
65 17 23 17 -77
66 17 23 30 -77
67 17 23 43 -76
68 17 23 56 -76
69 17 24 9 -76
70 17 24 22 -77
71 17 24 35 -77
72 17 24 48 -76
73 17 25 1 -76
74 17 25 14 -77
75 17 25 27 -77
76 17 25 40 -76
77 17 25 53 -78
78 17 26 14 -79
