1 17 29 22 -68
2 17 29 35 -69
3 17 29 48 -72
4 17 30 1 -66
5 17 30 14 -66
6 17 30 27 -65
7 17 30 40 -64
8 17 30 53 -65
9 17 31 6 -65
10 17 31 19 -66
11 17 31 32 -67
12 17 31 45 -67
13 17 31 58 -66
14 17 32 11 -65
15 17 32 24 -66
16 17 32 37 -64
17 17 32 50 -70
18 17 33 3 -70
19 17 33 11 -64
20 17 33 24 -82
21 17 33 37 -83
22 17 33 50 -76
23 17 34 3 -70
24 17 34 16 -70
25 17 34 29 -70
26 17 34 42 -65
27 17 34 55 -72
28 17 35 8 -65
29 17 35 16 -64
30 17 35 29 -69
31 17 35 37 -73
32 17 35 45 -67
33 17 35 58 -67
34 17 36 6 -66
35 17 36 14 -65
36 17 36 22 -67
37 17 36 35 -67
38 17 36 48 -63
39 17 37 1 -64
40 17 37 14 -63
41 17 37 27 -66
42 17 37 40 -64
43 17 37 53 -65
44 17 38 6 -65
45 17 38 19 -61
46 17 38 32 -60
47 17 38 45 -62
48 17 38 58 -63
49 17 39 11 -63
50 17 39 24 -62
51 17 39 37 -60
52 17 39 50 -62
53 17 40 3 -62
54 17 40 16 -64
55 17 40 29 -63
56 17 40 37 -65
57 17 40 50 -67
58 17 41 3 -67
59 17 41 16 -64
60 17 41 29 -64
61 17 41 42 -63
62 17 41 55 -65
63 17 42 8 -72
64 17 42 21 -64
65 17 42 34 -62
66 17 42 47 -65
67 17 43 0 -63
68 17 43 13 -64
69 17 43 26 -63
70 17 43 39 -65
71 17 43 52 -66
72 17 44 5 -67
73 17 44 18 -66
74 17 44 31 -63
75 17 44 44 -63
