1 16 11 24 -81
2 16 11 37 -69
3 16 11 50 -69
4 16 12 3 -68
5 16 12 16 -72
6 16 12 29 -69
7 16 12 42 -67
8 16 12 55 -68
9 16 13 8 -63
10 16 13 21 -71
11 16 13 34 -77
12 16 13 47 -79
13 16 14 0 -75
14 16 14 13 -67
15 16 14 26 -64
16 16 15 5 -65
17 16 15 18 -69
18 16 15 31 -67
19 16 15 44 -71
20 16 15 57 -79
21 16 16 10 -78
22 16 16 23 -72
23 16 16 36 -68
24 16 16 49 -69
25 16 17 2 -68
26 16 17 15 -69
27 16 17 28 -73
28 16 17 41 -65
29 16 17 54 -65
30 16 18 7 -69
31 16 18 20 -77
32 16 18 33 -66
33 16 18 46 -65
34 16 18 59 -70
35 16 19 12 -67
36 16 19 20 -73
37 16 19 33 -74
38 16 19 46 -68
39 16 20 12 -69
40 16 20 25 -66
41 16 20 33 -65
42 16 20 46 -68
43 16 20 59 -66
44 16 21 12 -75
45 16 21 25 -71
46 16 21 38 -70
47 16 21 51 -68
48 16 21 59 -66
49 16 22 12 -68
50 16 22 25 -69
51 16 22 38 -69
52 16 22 52 -75
53 16 23 5 -80
54 16 23 18 -70
55 16 23 31 -72
56 16 23 44 -73
57 16 23 57 -71
58 16 24 10 -71
59 16 24 23 -71
60 16 24 36 -79
61 16 24 49 -65
62 16 25 2 -63
63 16 25 10 -69
64 16 25 23 -64
65 16 25 36 -64
66 16 25 49 -64
67 16 25 57 -64
68 16 26 10 -62
69 16 26 18 -66
70 16 26 31 -71
71 16 26 44 -73
72 16 26 57 -73
