1 15 25 49 -77
2 15 26 2 -76
3 15 26 15 -76
4 15 26 28 -75
5 15 26 41 -77
6 15 26 54 -78
7 15 27 7 -77
8 15 27 20 -77
9 15 27 33 -77
10 15 27 46 -76
11 15 27 59 -77
12 15 28 12 -78
13 15 28 25 -82
14 15 28 38 -76
15 15 28 51 -76
16 15 29 4 -85
17 15 29 17 -81
18 15 29 27 -82
19 15 29 40 -83
20 15 29 53 -83
21 15 30 6 -81
22 15 30 19 -83
23 15 30 32 -82
24 15 30 45 -82
25 15 30 58 -80
26 15 31 11 -83
27 15 31 24 -83
28 15 31 37 -82
29 15 31 50 -82
30 15 32 3 -81
31 15 32 16 -82
32 15 32 29 -82
33 15 32 42 -85
34 15 32 55 -80
35 15 33 8 -84
36 15 33 21 -83
37 15 33 29 -83
38 15 34 3 -83
39 15 34 16 -83
40 15 34 29 -84
41 15 34 42 -79
42 15 35 8 -78
43 15 35 21 -79
44 15 35 34 -79
45 15 35 47 -79
46 15 36 0 -79
47 15 36 13 -82
48 15 36 26 -80
49 15 36 39 -80
50 15 36 47 -79
51 15 37 0 -78
52 15 37 13 -79
53 15 37 26 -80
54 15 37 39 -80
55 15 37 52 -78
56 15 38 5 -81
57 15 38 18 -82
58 15 38 31 -80
59 15 38 44 -81
60 15 38 57 -80
61 15 39 5 -80
62 15 39 18 -79
63 15 39 31 -80
64 15 39 44 -80
65 15 39 57 -78
66 15 40 10 -80
67 15 40 23 -80
68 15 40 36 -80
69 15 40 49 -80
70 15 41 2 -81
71 15 41 15 -79
72 15 41 28 -79
73 15 41 41 -79
74 15 41 49 -81
