1 17 9 24 -66
2 17 9 37 -65
3 17 9 50 -66
4 17 10 3 -65
5 17 10 16 -65
6 17 10 29 -66
7 17 10 42 -66
8 17 10 55 -67
9 17 11 8 -66
10 17 11 21 -66
11 17 11 34 -65
12 17 11 47 -65
13 17 12 0 -66
14 17 12 13 -66
15 17 12 26 -66
16 17 12 39 -65
17 17 12 52 -66
18 17 13 5 -65
19 17 13 18 -67
20 17 13 31 -65
21 17 13 44 -66
22 17 13 57 -65
23 17 14 10 -66
24 17 14 23 -67
25 17 14 36 -65
26 17 14 49 -66
27 17 15 2 -66
28 17 15 15 -68
29 17 15 28 -65
30 17 15 41 -67
31 17 15 54 -65
32 17 16 7 -65
33 17 16 33 -66
34 17 16 46 -63
35 17 16 59 -66
36 17 17 12 -66
37 17 17 25 -66
38 17 17 38 -66
39 17 17 51 -66
40 17 18 4 -66
41 17 18 17 -66
42 17 18 30 -65
43 17 18 43 -67
44 17 18 56 -67
45 17 19 9 -67
46 17 19 22 -67
47 17 19 35 -66
48 17 19 48 -66
49 17 20 1 -66
50 17 20 14 -66
51 17 20 27 -67
52 17 20 40 -66
53 17 20 53 -66
54 17 21 6 -66
55 17 21 19 -66
56 17 21 32 -66
57 17 21 45 -66
58 17 21 58 -66
59 17 22 11 -67
60 17 22 25 -67
61 17 22 38 -67
62 17 22 51 -67
63 17 23 4 -67
64 17 23 17 -67
65 17 23 30 -67
66 17 23 43 -67
67 17 23 56 -67
68 17 24 9 -67
69 17 24 22 -67
70 17 24 35 -67
71 17 24 48 -67
72 17 25 1 -65
73 17 25 14 -65
74 17 25 27 -66
75 17 25 40 -64
76 17 25 53 -65
77 17 26 14 -65
