1 15 45 40 -75
2 15 45 53 -76
3 15 46 6 -73
4 15 46 20 -73
5 15 46 28 -72
6 15 46 36 -72
7 15 46 49 -74
8 15 46 57 -74
9 15 47 10 -74
10 15 47 23 -76
11 15 47 36 -75
12 15 47 49 -75
13 15 48 2 -76
14 15 48 15 -74
15 15 48 28 -76
16 15 48 41 -70
17 15 48 49 -71
18 15 48 57 -72
19 15 49 5 -71
20 15 49 18 -72
21 15 49 31 -71
22 15 49 39 -72
23 15 49 47 -73
24 15 50 0 -72
25 15 50 13 -72
26 15 50 26 -72
27 15 50 39 -72
28 15 50 52 -72
29 15 51 5 -72
30 15 51 18 -73
31 15 51 31 -72
32 15 51 44 -72
33 15 51 57 -72
34 15 52 10 -72
35 15 52 23 -72
36 15 52 36 -71
37 15 52 49 -72
38 15 53 2 -72
39 15 53 15 -72
40 15 53 28 -73
41 15 53 41 -72
42 15 53 54 -72
43 15 54 7 -72
44 15 54 20 -72
45 15 54 33 -72
46 15 54 46 -72
47 15 54 59 -74
48 15 55 12 -72
49 15 55 25 -73
50 15 55 38 -72
51 15 55 51 -72
52 15 56 4 -73
53 15 56 17 -73
54 15 56 30 -72
55 15 56 43 -73
56 15 56 56 -72
57 15 57 9 -72
58 15 57 22 -72
59 15 57 35 -72
60 15 57 48 -72
61 15 58 1 -72
62 15 58 14 -73
63 15 58 27 -73
64 15 58 40 -74
65 15 58 53 -73
66 15 59 6 -73
67 15 59 19 -72
68 15 59 32 -73
69 15 59 45 -72
70 15 59 58 -72
71 16 0 11 -71
72 16 0 24 -72
73 16 0 37 -72
74 16 0 50 -70
75 16 1 3 -72
76 16 1 16 -73
77 16 1 29 -72
78 16 1 42 -72
79 16 1 55 -72
80 16 2 8 -71
81 16 2 21 -72
82 16 2 34 -72
83 16 2 47 -72
84 16 3 0 -72
85 16 3 13 -72
86 16 3 26 -72
87 16 3 39 -73
88 16 3 52 -72
