1 15 4 28 -76
2 15 4 41 -80
3 15 4 54 -76
4 15 5 7 -75
5 15 5 20 -78
6 15 5 33 -75
7 15 5 46 -80
8 15 5 59 -76
9 15 6 12 -77
10 15 6 25 -74
11 15 6 38 -74
12 15 6 51 -74
13 15 7 4 -74
14 15 7 17 -74
15 15 7 30 -74
16 15 7 43 -75
17 15 7 56 -74
18 15 8 9 -75
19 15 8 22 -76
20 15 8 35 -74
21 15 8 48 -72
22 15 9 1 -74
23 15 9 14 -75
24 15 9 27 -75
25 15 9 40 -75
26 15 9 53 -74
27 15 10 6 -77
28 15 10 19 -74
29 15 10 32 -76
30 15 10 45 -73
31 15 10 58 -73
32 15 11 11 -75
33 15 11 24 -75
34 15 11 37 -76
35 15 11 50 -82
36 15 12 3 -76
37 15 12 16 -79
38 15 12 29 -76
39 15 12 42 -75
40 15 12 55 -77
41 15 13 8 -77
42 15 13 21 -77
43 15 13 34 -77
44 15 13 47 -79
45 15 14 0 -79
46 15 14 13 -77
47 15 14 26 -76
48 15 14 39 -79
49 15 14 52 -74
50 15 15 5 -76
51 15 15 18 -77
52 15 15 31 -75
53 15 15 44 -74
54 15 15 57 -75
55 15 16 10 -75
56 15 16 23 -75
57 15 16 36 -75
58 15 16 49 -77
59 15 17 2 -81
60 15 17 15 -77
61 15 17 28 -75
62 15 17 41 -75
63 15 17 54 -76
64 15 18 7 -75
65 15 18 20 -75
66 15 18 33 -79
67 15 18 47 -74
68 15 19 0 -76
69 15 19 13 -76
70 15 19 26 -75
71 15 19 39 -75
72 15 19 52 -74
73 15 20 5 -75
74 15 20 18 -77
75 15 20 31 -77
