1 16 50 55 -73
2 16 51 8 -76
3 16 51 16 -75
4 16 51 29 -77
5 16 51 42 -75
6 16 51 55 -80
7 16 52 3 -84
8 16 52 16 -75
9 16 52 29 -74
10 16 52 42 -75
11 16 52 55 -74
12 16 53 3 -75
13 16 53 16 -75
14 16 53 29 -74
15 16 53 42 -74
16 16 53 55 -73
17 16 54 8 -73
18 16 54 21 -75
19 16 54 34 -74
20 16 54 47 -74
21 16 54 55 -74
22 16 55 8 -75
23 16 55 21 -74
24 16 55 29 -74
25 16 55 42 -74
26 16 55 55 -73
27 16 56 3 -75
28 16 56 16 -83
29 16 56 29 -73
30 16 56 42 -75
31 16 56 55 -74
32 16 57 8 -74
33 16 57 21 -74
34 16 57 34 -74
35 16 57 47 -74
36 16 58 0 -74
37 16 58 13 -74
38 16 58 26 -73
39 16 58 39 -74
40 16 58 52 -73
41 16 59 5 -74
42 16 59 18 -73
43 16 59 31 -74
44 16 59 44 -74
45 16 59 57 -73
46 17 0 10 -73
47 17 0 23 -74
48 17 0 36 -75
49 17 0 49 -74
50 17 1 2 -74
51 17 1 15 -75
52 17 1 28 -74
53 17 1 41 -73
54 17 1 54 -73
55 17 2 7 -74
56 17 2 20 -74
57 17 2 33 -74
58 17 2 46 -74
59 17 2 59 -74
60 17 3 12 -74
61 17 3 25 -74
62 17 3 38 -74
63 17 3 51 -74
64 17 4 4 -73
65 17 4 17 -74
66 17 4 30 -73
67 17 4 43 -73
68 17 4 56 -73
69 17 5 9 -73
70 17 5 22 -73
71 17 5 35 -73
72 17 5 48 -73
73 17 6 1 -73
74 17 6 14 -73
75 17 6 27 -73
