1 16 31 39 -62
2 16 31 52 -64
3 16 32 5 -68
4 16 32 18 -68
5 16 32 31 -61
6 16 32 44 -71
7 16 32 57 -64
8 16 33 10 -64
9 16 33 23 -74
10 16 33 36 -66
11 16 33 49 -70
12 16 34 2 -66
13 16 34 15 -69
14 16 34 28 -63
15 16 34 41 -71
16 16 34 54 -63
17 16 35 7 -68
18 16 35 20 -65
19 16 35 33 -70
20 16 35 46 -67
21 16 35 59 -65
22 16 36 12 -72
23 16 36 25 -66
24 16 36 38 -65
25 16 36 51 -64
26 16 37 4 -67
27 16 37 30 -69
28 16 37 43 -67
29 16 37 57 -67
30 16 38 10 -67
31 16 38 23 -65
32 16 38 36 -68
33 16 38 49 -62
34 16 39 2 -69
35 16 39 15 -65
36 16 39 28 -65
37 16 39 41 -65
38 16 39 54 -65
39 16 40 7 -71
40 16 40 15 -78
41 16 40 28 -66
42 16 40 41 -63
43 16 40 54 -66
44 16 41 7 -67
45 16 41 20 -70
46 16 41 33 -72
47 16 41 41 -74
48 16 41 54 -62
49 16 42 7 -65
50 16 42 20 -67
51 16 42 33 -65
52 16 42 46 -63
53 16 42 59 -64
54 16 43 12 -64
55 16 43 25 -70
56 16 43 33 -75
57 16 43 46 -68
58 16 43 59 -80
59 16 44 12 -76
60 16 44 20 -76
61 16 44 33 -70
62 16 44 46 -72
63 16 44 54 -71
64 16 45 2 -74
65 16 45 15 -64
66 16 45 28 -70
67 16 45 41 -64
68 16 45 54 -69
69 16 46 7 -65
70 16 46 20 -66
71 16 46 33 -66
72 16 46 46 -68
73 16 46 59 -66
