1 14 39 42 -80
2 14 39 55 -77
3 14 40 8 -76
4 14 40 21 -73
5 14 40 34 -77
6 14 40 42 -81
7 14 40 55 -78
8 14 41 8 -75
9 14 41 21 -76
10 14 41 34 -74
11 14 41 47 -73
12 14 42 0 -74
13 14 42 13 -75
14 14 42 26 -73
15 14 42 39 -74
16 14 42 52 -74
17 14 43 5 -74
18 14 43 18 -74
19 14 43 31 -74
20 14 43 44 -74
21 14 43 57 -74
22 14 44 10 -73
23 14 44 23 -74
24 14 44 36 -73
25 14 44 49 -75
26 14 45 2 -74
27 14 45 15 -74
28 14 45 28 -75
29 14 45 41 -75
30 14 45 54 -73
31 14 46 7 -75
32 14 46 20 -74
33 14 46 33 -76
34 14 46 46 -74
35 14 46 59 -74
36 14 47 12 -75
37 14 47 25 -74
38 14 47 38 -78
39 14 47 51 -74
40 14 48 4 -74
41 14 48 17 -73
42 14 48 30 -73
43 14 48 43 -73
44 14 48 56 -73
45 14 49 9 -73
46 14 49 22 -73
47 14 49 35 -73
48 14 49 49 -74
49 14 50 2 -74
50 14 50 15 -74
51 14 50 28 -73
52 14 50 41 -73
53 14 50 54 -74
54 14 51 7 -74
55 14 51 20 -74
56 14 51 33 -75
57 14 51 46 -75
58 14 51 59 -74
59 14 52 12 -74
60 14 52 25 -73
61 14 52 38 -74
62 14 52 51 -73
63 14 53 4 -75
64 14 53 17 -73
65 14 53 30 -74
66 14 53 43 -74
67 14 53 56 -77
68 14 54 9 -74
69 14 54 22 -74
70 14 54 35 -74
71 14 54 48 -74
72 14 55 1 -75
73 14 55 14 -74
74 14 55 27 -77
75 14 55 40 -73
